# Period (s), Spectral Acceleration (g)
1.000000000000000021e-03,4.878172407441538905e-01
1.030513801684032138e-03,4.883389110097854924e-01
1.061958695461276674e-03,4.880172787362775377e-01
1.094363092491215531e-03,4.871949007758385464e-01
1.127756270865816696e-03,4.867419130929873106e-01
1.162168402062939898e-03,4.871381020366614134e-01
1.197630578206938150e-03,4.878911180849571094e-01
1.234174840161077419e-03,4.880745934110403694e-01
1.271834206477174449e-03,4.874879216536038840e-01
1.310642703228587442e-03,4.869621185973336264e-01
1.350635394753528246e-03,4.872336022130654976e-01
1.391848415336472029e-03,4.878518713408362406e-01
1.434319001856283445e-03,4.878426661284108179e-01
1.478085527430565010e-03,4.872785594492984873e-01
1.523187536086619389e-03,4.871709736977027361e-01
1.569665778490355983e-03,4.876779472000784543e-01
1.617562248765422664e-03,4.878120740770346964e-01
1.666920222435827690e-03,4.873685444332468419e-01
1.717784295526339055e-03,4.873244691818410246e-01
1.770200424855974605e-03,4.877441258306414729e-01
1.824215969561019269e-03,4.876737074374135616e-01
1.879879733885048533e-03,4.873679273801727052e-01
1.937242011274648143e-03,4.876140720620449343e-01
1.996354629820658397e-03,4.877610086334769335e-01
2.057270999086005265e-03,4.874947704613556976e-01
2.120046158362426467e-03,4.876309587322459893e-01
2.184736826399691356e-03,4.877814324190606898e-01
2.251401452652253450e-03,4.875864862563250579e-01
2.320100270089626299e-03,4.877422480483342704e-01
2.390895349618212939e-03,4.877925368171979192e-01
2.463850656163737562e-03,4.876980253678495081e-01
2.539032106464990564e-03,4.878777187826958128e-01
2.616507628631053583e-03,4.878085409114075177e-01
2.696347223515858579e-03,4.878948151222214924e-01
2.778623027965512315e-03,4.879437624563155440e-01
2.863409379995536692e-03,4.879536141509241975e-01
2.950782885956917956e-03,4.880586985344807505e-01
3.040822489751643636e-03,4.880602305070759761e-01
3.133609544160270103e-03,4.881741845842426653e-01
3.229227884345966561e-03,4.881942732763263626e-01
3.327763903601449816e-03,4.883017644593227180e-01
3.429306631407225137e-03,4.883476056815042599e-01
3.533947813871721275e-03,4.884478479376084259e-01
3.641781996625921732e-03,4.885294457240739185e-01
3.752906610247444021e-03,4.886245310793143615e-01
3.867422058291227448e-03,4.887425262347931953e-01
3.985431808006377301e-03,4.888421211089971075e-01
4.107042483821117702e-03,4.889725546223793740e-01
4.232363963680330250e-03,4.891044008049534875e-01
4.361509478322720366e-03,4.892450450843558452e-01
4.494595713587281813e-03,4.894089362062205573e-01
4.631742915841589522e-03,4.895882514053351842e-01
4.773075000627000943e-03,4.897974324984218364e-01
4.918719664619144658e-03,4.900647063934406855e-01
5.068808501004682353e-03,4.904225466382944321e-01
5.223477118378675593e-03,4.908680298168446310e-01
5.382865263269961953e-03,4.913031576276271628e-01
5.547116946405247079e-03,4.915854458187586817e-01
5.716380572825990707e-03,4.917150146962048773e-01
5.890809075975656645e-03,4.918789744729175628e-01
6.070560055878480681e-03,4.920294675011308572e-01
6.255795921534557623e-03,4.919875895589316817e-01
6.446684037660046357e-03,4.918199509280202775e-01
6.643396875904821093e-03,4.917910656770636546e-01
6.846112170684499204e-03,4.925287819999196182e-01
7.055013079767405090e-03,4.941167896369780266e-01
7.270288349761680306e-03,4.958533850738652826e-01
7.492132486652037550e-03,4.976577534584823992e-01
7.720745931540232317e-03,4.983070478267376258e-01
7.956335241748048806e-03,4.967664063627272863e-01
8.199113277446424403e-03,4.977981219184552386e-01
8.449299393979347803e-03,4.993324461689756522e-01
8.707119640056238188e-03,4.972553896784623895e-01
8.972806961992063970e-03,5.001338409631829185e-01
9.246601414179394032e-03,5.141686030195623536e-01
9.528750375982953866e-03,5.252520552844424095e-01
9.819508775252344321e-03,5.217344942191372015e-01
1.011913931865500785e-02,5.126433853688612263e-01
1.042791272903753966e-02,5.325285246634289260e-01
1.074610799002978512e-02,5.401697803212217597e-01
1.107401259811274623e-02,5.251367578720806950e-01
1.141192282237803862e-02,5.426042531572699001e-01
1.176014397221356207e-02,5.668017718200888400e-01
1.211899067315735240e-02,6.060832029848529645e-01
1.248878715116871242e-02,6.237642075578090362e-01
1.286986752557356221e-02,6.053550126968404443e-01
1.326257611094867894e-02,5.998328555844610888e-01
1.366726772821755601e-02,6.109467511447866928e-01
1.408430802523896047e-02,5.947092507617522950e-01
1.451407380717792406e-02,5.988746362231821552e-01
1.495695337695755571e-02,5.876932654486425323e-01
1.541334688609935326e-02,5.990595806744574148e-01
1.588366669626899153e-02,6.080953410135903070e-01
1.636833775185421100e-02,6.279474815327725779e-01
1.686779796391154468e-02,6.702319416632968041e-01
1.738249860582866471e-02,6.977239730024483721e-01
1.791290472105988574e-02,7.522264497760056123e-01
1.845949554330326980e-02,8.024100330466632514e-01
1.902276492949890943e-02,8.316161977102570768e-01
1.960322180603960018e-02,8.085052485871006001e-01
2.020139062859718782e-02,7.864136490697284376e-01
2.081781185597986542e-02,8.188331113023168406e-01
2.145304243844873074e-02,8.649442944982377313e-01
2.210765632093469185e-02,8.920073735773476065e-01
2.278224496161043028e-02,8.834258479272347753e-01
2.347741786628605373e-02,7.827780370847596814e-01
2.419380313911105931e-02,6.733749356701080879e-01
2.493204805008040689e-02,6.627112173119741323e-01
2.569281961985732041e-02,6.713129344217722005e-01
2.647680522244126936e-02,6.693561141771204870e-01
2.728471320622559079e-02,7.397167783858416001e-01
2.811727353400604937e-02,7.483693861063975827e-01
2.897523844251839731e-02,7.842542690860334620e-01
2.985938312210094717e-02,7.490480778746337887e-01
3.077050641709627027e-02,7.973434585824827892e-01
3.170943154762480287e-02,8.560938505262056797e-01
3.267700685338241484e-02,8.385933904881397449e-01
3.367410656013428844e-02,8.335189934370078602e-01
3.470163156959719247e-02,9.986303907289165727e-01
3.576051027342423000e-02,1.086057313146672421e+00
3.685169939202730810e-02,1.185501950277239036e+00
3.797618483899519587e-02,1.130870767822417466e+00
3.913498261188844141e-02,1.218791818199667754e+00
4.032913971021565014e-02,1.195323665799117085e+00
4.155973508142080108e-02,1.043768976570953466e+00
4.282788059573618827e-02,9.379467098003908543e-01
4.413472205078190769e-02,9.556767538859647360e-01
4.548144020681935129e-02,9.198230745698429134e-01
4.686925185359440416e-02,8.637351885912243343e-01
4.829941090973393497e-02,8.757982700443138757e-01
4.977320955568913241e-02,9.731542632464011966e-01
5.129197940124923666e-02,1.038796662384285252e+00
5.285709268868041266e-02,1.207224725665480669e+00
5.446996353257731183e-02,1.316414738962942366e+00
5.613204919754683636e-02,1.366514735465968799e+00
5.784485141487911986e-02,1.319655494900474180e+00
5.960991773939504357e-02,1.100725904222711105e+00
6.142884294769644649e-02,1.209389558575465484e+00
6.330327047908201887e-02,1.279847046722508264e+00
6.523489392043137214e-02,1.393164453570038486e+00
6.722545853639828872e-02,1.222371941138703955e+00
6.927676284629606662e-02,1.096439303948349542e+00
7.139066024909970776e-02,1.070235564354315771e+00
7.356906069803284542e-02,1.179673375662309898e+00
7.581393242625314444e-02,1.171929024360346627e+00
7.812730372519445521e-02,1.153147749389485499e+00
8.051126477717318597e-02,1.194672917451056415e+00
8.296796954391444379e-02,1.293622498720462977e+00
8.549963771270431556e-02,1.379563708819297130e+00
8.810855670192636879e-02,1.285145665301017370e+00
9.079708372779524139e-02,1.147678485209241872e+00
9.356764793415364712e-02,1.102847444681283484e+00
9.642275258725775677e-02,1.144670865562254836e+00
9.936497733753384132e-02,1.148225963061031862e+00
1.023969805503497366e-01,1.196087594086862049e+00
1.055215017079068063e-01,1.229891528218687968e+00
1.087413638844231395e-01,1.241184631181207365e+00
1.120594762968435965e-01,1.248516283305234120e+00
1.154788369333819842e-01,1.180764799530559683e+00
1.190025352622698929e-01,1.181390125205445729e+00
1.226337550231598322e-01,1.180613789760922350e+00
1.263757771037047062e-01,1.180485363190383552e+00
1.302319825039127410e-01,1.073170167727012236e+00
1.342058553909554752e-01,1.193107271208985631e+00
1.383009862471909768e-01,1.164187494109973242e+00
1.425210751142438337e-01,1.232845578709116818e+00
1.468699349360749196e-01,1.199807892978731250e+00
1.513514950040610041e-01,1.163004429326924161e+00
1.559698045071966910e-01,1.140101626531281553e+00
1.607290361906265619e-01,1.175675933312887222e+00
1.656334901258129655e-01,1.246934305496757878e+00
1.706875975957461156e-01,1.197676917446881317e+00
1.758959250987066070e-01,1.099276488439710375e+00
1.812631784741980945e-01,1.188899615963602052e+00
1.867942071547770977e-01,1.165404613952627955e+00
1.924940085476239682e-01,1.190912291689992353e+00
1.983677325498105493e-01,1.220246242613721943e+00
2.044206862013465964e-01,1.207230839717280624e+00
2.106583384802082626e-01,1.142653903386722902e+00
2.170863252436810442e-01,1.171229991268577297e+00
2.237104543204820328e-01,1.201175431078630673e+00
2.305367107582619590e-01,1.132831776546603608e+00
2.375712622312286249e-01,1.165806520358063425e+00
2.448204646127775386e-01,1.177314656191047249e+00
2.522908677181647241e-01,1.227490633531753250e+00
2.599892212224091392e-01,1.245551170527166018e+00
2.679224807587757273e-01,1.184482794106965775e+00
2.760978142033428950e-01,1.103836750118929011e+00
2.845226081513384520e-01,1.095359366686827096e+00
2.932044745910920014e-01,1.098401493976698617e+00
3.021512577816354295e-01,1.073887166399327686e+00
3.113710413401651333e-01,1.017140361756518674e+00
3.208721555457694774e-01,9.825441711722092686e-01
3.306631848660210315e-01,9.569553700067434665e-01
3.407529757132332082e-01,9.498379067020644717e-01
3.511506444373910241e-01,9.467694347349647765e-01
3.618655855629736573e-01,9.355941584481288764e-01
3.729074802771183972e-01,8.896933664508979156e-01
3.842863051767864691e-01,7.775596698398287154e-01
3.960123412828404077e-01,7.615323651612169176e-01
4.080961833291742447e-01,7.824822837790367247e-01
4.205487493352910722e-01,6.895150882323006769e-01
4.333812904709758995e-01,7.599404650626541136e-01
4.466054012219771718e-01,7.410575044968708003e-01
4.602330298658822150e-01,6.607010228121478201e-01
4.742764892676509803e-01,6.652889100636020236e-01
4.887484680045635632e-01,6.777500732162898833e-01
5.036620418306293478e-01,6.799405164793098644e-01
5.190306854908238732e-01,6.597623350123994479e-01
5.348682848958181690e-01,6.326269144518475995e-01
5.511891496682075342e-01,6.049095091081232445e-01
5.680080260715735241e-01,5.766462223932395936e-01
5.853401103340600820e-01,5.487173059495470406e-01
6.032010623785031278e-01,5.127010646914207381e-01
6.216070199715182376e-01,4.566376915919930224e-01
6.405746133043312973e-01,4.863744166969718452e-01
6.601209800185252607e-01,5.084719217633650867e-01
6.802637806902794848e-01,4.949200797156160236e-01
7.010212147870933386e-01,4.720466852472802732e-01
7.224120371114060024e-01,4.501946672686226725e-01
7.444555747459811190e-01,4.278077862029734946e-01
7.671717445163521720e-01,4.268787697452123275e-01
7.905810709861170738e-01,4.147279140687144539e-01
8.147047050013371816e-01,3.907709454712916530e-01
8.395644428007958959e-01,3.666881848593754323e-01
8.651827457093842488e-01,3.548256205006228292e-01
8.915827604324068067e-01,3.557245936699280353e-01
9.187883399691432196e-01,3.503240075242516904e-01
9.468240651645627448e-01,3.455864775498376229e-01
9.757152669186643923e-01,3.387311841431416282e-01
1.005488049073502976e+00,3.173455355309277026e-01
1.036169311998596188e+00,2.984803114001770563e-01
1.067786776896001433e+00,2.930755377995176714e-01
1.100369010847037865e+00,2.961842736359696637e-01
1.133945452623279060e+00,3.031500815119677616e-01
1.168546439285135685e+00,2.936041864862716233e-01
1.204203233592064270e+00,2.701313702575919851e-01
1.240948052249162714e+00,2.530874748369445482e-01
1.278814095015679664e+00,2.481114940713712302e-01
1.317835574701733181e+00,2.386800466880610594e-01
1.358047748080345674e+00,2.275347124757245432e-01
1.399486947742715870e+00,2.218974166084649313e-01
1.442190614925528580e+00,2.289038940129186073e-01
1.486197333339938531e+00,2.262018891982295610e-01
1.531546864032810706e+00,2.177751953176962907e-01
1.578280181311709329e+00,2.083905179621311499e-01
1.626439509766093083e+00,2.020178964707472491e-01
1.676068362418170032e+00,1.941229552558874638e-01
1.727211580037878669e+00,1.855137826347709185e-01
1.779915371657518230e+00,1.725916709061208754e-01
1.834227356322636115e+00,1.668287733662258965e-01
1.890196606116893552e+00,1.718816198750949820e-01
1.947873690499775101e+00,1.726386028957899721e-01
2.007310721997229042e+00,1.690557204413324355e-01
2.068561403286483635e+00,1.622926295170612765e-01
2.131681075717610785e+00,1.538252302985770315e-01
2.196726769315662242e+00,1.451579721734621575e-01
2.263757254308564892e+00,1.378620200927426209e-01
2.332833094227325432e+00,1.326862733989638832e-01
2.404016700626525171e+00,1.297878065444010853e-01
2.477372389474544079e+00,1.286522968317803939e-01
2.552966439264467535e+00,1.284651416862365170e-01
2.630867150898175577e+00,1.281427493326568468e-01
2.711144909397717129e+00,1.269665246559102678e-01
2.793872247499752604e+00,1.244391913459882287e-01
2.879123911190481166e+00,1.203783633792313984e-01
2.966976927240302153e+00,1.148648973254523115e-01
3.057510672799212070e+00,1.082830751524276047e-01
3.150806947115818879e+00,1.011631121387265575e-01
3.246950045444781718e+00,9.512954391223257811e-02
3.346026835209442662e+00,9.233181516130378741e-02
3.448126834488473680e+00,8.997104321524129755e-02
3.553342292897444299e+00,8.710792793649201060e-02
3.661768274938404844e+00,8.408934129359857401e-02
3.773502745892755694e+00,8.139013955866276906e-02
3.888646660335077776e+00,7.956467900738734000e-02
4.007304053347816364e+00,7.768302390217468600e-02
4.129582134519290015e+00,7.562113659365958529e-02
4.255591384809933153e+00,7.539296337243130142e-02
4.385445656374299617e+00,7.575236279928476701e-02
4.519262275429005271e+00,7.553513282258536576e-02
4.657162148259573087e+00,7.493189431917372800e-02
4.799269870461946752e+00,7.391591036156730521e-02
4.945713839517373422e+00,7.219774603821429992e-02
5.096626370802384898e+00,7.021099279201480081e-02
5.252143817138657411e+00,6.750221662349033258e-02
5.412406691990842234e+00,6.375031750462067937e-02
5.577559796423578575e+00,5.987892669935909046e-02
5.747752349932478744e+00,5.598682936493549339e-02
5.923138125267247922e+00,5.157623618857336278e-02
6.103875587368782440e+00,4.739498028478315861e-02
6.290128036545758583e+00,4.590335220566529179e-02
6.482063756020086664e+00,4.384251131934000650e-02
6.679856163974536187e+00,4.130539384314323853e-02
6.883683970239914629e+00,4.035402107191073812e-02
7.093731337763373723e+00,3.806052718917708050e-02
7.310188049003689237e+00,3.276633490415597344e-02
7.533249677403969891e+00,2.977651742454255970e-02
7.763117764096573836e+00,2.671523377433238089e-02
7.999999999999999112e+00,2.524963237977408473e-02
